budizakaria,1.0
museliverpoolfc,1.0
luke_n7,1.0
maricaridij,1.0
staci_timms,1.0
poetryliverpool,1.0
tegarreezka,1.0
brynalv1,1.0
kellyarc,1.0
hc_adria,1.0
